start=337.211870
pause=yes
volume=76.000000
