start=1330.495818
fullscreen=yes
panscan=0.200000
