start=1404.123914
speed=1.210000
fullscreen=yes
