start=1391.848774
speed=1.210000
fullscreen=yes
