start=1392.682940
speed=1.210000
fullscreen=yes
