start=1393.391982
speed=1.210000
fullscreen=yes
