start=1186.685482
fullscreen=yes
panscan=0.100000
