start=1447.070609
speed=1.210000
fullscreen=yes
