start=1389.805065
speed=1.210000
volume=80.000000
fullscreen=yes
