start=1392.349274
speed=1.210000
fullscreen=yes
