start=1331.913901
speed=1.210000
fullscreen=yes
