start=1399.975568
speed=1.210000
fullscreen=yes
