start=1331.830485
fullscreen=yes
panscan=0.100000
