start=5900.102542
volume=78.000000
fullscreen=yes
saturation=1
