start=183.964000
speed=1.210000
